Results after FIR filter
Created using FIRExample.m
for noisy sine wave, f = 20
-10
-23
43
80
59
81
-14
-222
-458
-704
-851
-744
-350
540
1710
3233
4911
6473
7764
8576
8858
8477
7620
6275
4491
2541
425
-1798
-3799
-5547
-6987
-7765
-8006
-7649
-6671
-5291
-3598
-1801
66
1975
3686
5453
7020
8380
9261
9644
9337
8189
6404
4120
1408
-1179
-3614
-5696
-7289
-8380
-9030
-9236
-8947
-8189
-6898
-5141
-2895
-542
2069
4438
6367
7793
8468
8584
7990
6994
5645
4094
2428
878
-716
-2175
-3545
-4818
-5904
-6765
-7270
-7494
-7124
-6261
-4866
-2930
-525
1915
4452
6605
8201
9146
9391
8924
7926
6426
4604
2647
563
-1443
-3250
-4953
-6306
-7402
-8056
-8347
-8192
-7629
-6599
-5183
-3396
-1427
651
2638
4378
5735
6632
7013
6807
6047
4834
3257
1395
