Results after FIR filter
Created using FIRExample.m
for noisy sine wave, f = 20
45
11
14
-64
-146
-225
-310
-381
-315
-51
432
1220
2203
3358
4529
5676
6534
7027
7124
6701
5935
4812
3461
1955
456
-1061
-2460
-3817
-4898
-5933
-6658
-7139
-7284
-7185
-6547
-5546
-4192
-2519
-764
1047
2539
3802
4515
4808
4668
4178
3514
2620
1570
361
-854
-2313
-3952
-5632
-7091
-8445
-9221
-9373
-8861
-7714
-5803
-3595
-1192
1195
3331
5114
6281
7081
7328
7211
6716
6088
5206
4179
2964
1588
175
-1489
-3238
-4953
-6413
-7701
-8457
-8613
-8139
-6937
-5199
-3100
-706
1654
3892
5868
7324
8415
8935
8859
8259
7099
5501
3554
1270
-1106
-3242
-5152
-6529
-7385
-7625
-7374
-6619
-5526
-4122
-2652
-1064
614
2355
3997
5463
6657
7392
7658
7395
6576
5376
3705
1978
